68.5812
3.2069
43.5394
1.0033
12.9001
92.1625
6.3545
17.2187
9.5267
78.0007
9.3900
1.3150
3.6396
87.6959
19.1636
55.4177
3.0562
24.3752
49.4197
76.5725
46.6630
49.8036
59.1649
76.1302
11.6420
26.2391
77.5985
69.8612
58.3585
1.4580
99.8929
55.6683
37.6552
27.4884
80.5184
46.7649
21.2125
70.2956
27.6198
23.2938
2.1591
1.9677
30.9149
12.7030
65.4531
94.5214
59.0053
80.3828
7.7401
4.7180
68.9229
77.2650
44.4252
85.3771
55.2959
25.8199
65.1546
94.9387
57.5470
7.8194
77.9505
34.4738
51.5407
64.2539
36.6395
96.9262
94.1689
55.7369
17.0956
70.6906
40.5017
53.9294
40.9711
58.7873
10.5874
87.8200
4.3660
28.7583
88.7302
9.6019
86.6489
43.9278
79.8661
80.9164
98.6600
61.9022
23.6505
60.4214
50.2606
86.8551
58.9376
64.5000
47.0542
29.8691
33.3154
77.1865
57.2789
28.2485
33.8023
6.1824
6.4718
55.8877
43.5167
58.3933
64.1632
27.5803
86.3182
56.7739
27.0446
19.0224
34.1396
16.0232
23.2569
38.3380
9.2176
22.0910
11.4423
10.4870
28.5712
12.3931
29.4898
4.1296
61.9048
62.6138
60.3284
85.0615
53.5771
27.3946
8.5731
65.0176
67.3672
65.0719
86.0482
27.9703
45.9464
19.2662
62.2793
7.8513
21.8103
18.4405
33.2806
90.2314
33.4904
70.0527
67.8886
24.6603
51.2906
39.9174
83.2387
5.0402
16.4173
48.3397
13.4302
50.3810
85.9509
53.0695
21.0464
20.2763
45.2199
28.6367
47.1524
53.3915
40.3162
49.5726
80.0314
14.5784
42.3798
16.0385
68.6870
14.3529
16.7994
18.2074
69.6304
19.2838
82.0035
43.8816
46.2196
80.6952
36.8993
32.8869
50.9595
89.8409
8.7192
93.0740
51.1738
1.3235
39.2829
95.5115
46.6061
62.2320
28.8703
8.4663
31.0460
88.4436
26.6151
90.0617
22.0535
96.8918
90.2264
7.1336
29.7069
8.6660
38.9069
19.3532
81.9663
82.9796
37.2963
75.4704
53.9761
16.9641
21.2738
41.2829
63.2472
28.1114
69.3053
36.8354
38.2567
93.2685
49.7573
81.3578
44.3472
81.9641
81.2314
89.7485
92.1007
88.8533
17.4833
63.7368
83.7527
7.5572
34.0516
28.4847
86.8801
10.9088
14.7211
56.1678
99.4424
67.8144
33.3758
57.1686
99.1097
64.4538
88.4236
35.4596
87.6048
84.3544
9.1697
71.6252
38.3452
1.8695
14.7765
16.7375
43.5950
58.4614
47.6786
76.4862
70.3557
65.1674
29.4047
46.1061
62.5760
1.6338
29.5802
90.7885
81.3457
77.7405
19.9434
72.6480
87.4158
22.1885
5.4966
20.1494
98.4192
48.9892
49.7754
35.7069
68.9291
67.7942
20.3054
65.8959
93.3754
25.1885
59.6800
47.3937
50.5280
88.7430
60.5385
70.5035
82.2146
83.6546
82.8907
44.1794
35.1606
57.6406
3.7175
91.6580
58.4403
64.9584
11.4429
37.0472
77.6580
48.6231
79.8526
50.3086
48.2479
24.0895
34.0577
32.2136
67.9704
81.5628
35.7847
68.6064
28.7164
75.7511
15.2584
64.7044
22.2600
61.9350
20.5481
85.4800
20.9362
56.4285
5.0307
34.9757
12.7962
12.2958
87.0114
52.2985
89.7661
85.7390
69.0003
25.8101
74.2440
56.5932
8.3368
75.6388
81.7599
95.3583
16.2565
74.3496
68.7556
89.9343
55.6820
81.4464
84.1914
24.5222
77.1418
81.7831
10.6503
8.8680
36.3116
16.0509
56.9531
36.4021
85.8482
40.4827
46.9296
55.8905
57.5959
99.5257
50.3324
43.4520
95.9217
99.4637
69.9768
33.3810
3.4686
72.3691
68.3601
8.0321
88.6510
64.8175
70.0598
61.2441
79.7229
74.8127
25.6597
70.6208
97.6956
79.5874
33.7978
26.0334
86.6808
79.0065
8.5715
9.9539
61.3839
85.9903
9.4614
46.2914
91.2390
84.0520
66.0102
44.5906
50.1056
66.5982
41.5712
84.4926
79.5852
87.8043
30.1880
72.9752
72.3305
39.7544
22.4803
46.6643
85.5619
65.7463
78.3075
67.7871
60.5033
12.3774
81.2571
25.4958
95.3029
5.9297
19.3306
77.8651
49.5912
7.9316
75.6649
43.8094
7.1196
94.8509
25.0655
97.6908
36.2815
48.9124
89.4192
50.4005
21.6375
47.9305
70.5956
97.6249
50.3089
88.9933
91.5100
20.1991
37.7819
23.8092
47.0336
13.7727
88.9817
12.5479
41.4731
32.3946
20.7292
69.7500
78.1193
81.1405
70.2021
25.0701
24.9995
68.8022
55.0534
57.2630
8.9247
15.5803
82.9750
80.2669
62.0882
26.1369
54.6846
59.1492
9.5791
50.9933
77.4425
9.1680
74.3594
54.2172
58.1647
89.2478
86.4824
79.7867
32.7178
98.3369
36.6543
31.4785
21.0020
51.7425
81.9500
54.5750
98.5273
14.3078
55.2067
71.8656
32.8830
62.2469
51.3630
56.1722
70.5184
98.3074
51.2608
2.6185
70.9272
93.3078
70.2038
76.1397
48.3265
40.7459
75.2722
43.3961
91.1625
46.8235
48.0726
26.2288
55.2288
23.7288
23.5541
36.1326
27.2989
66.9199
41.4632
86.9853
2.7265
11.5267
36.7056
31.8394
5.9978
18.1638
3.8580
90.2893
10.3222
67.6826
15.3302
90.6378
80.6556
59.3358
47.9269
50.0125
20.5359
79.0487
56.6966
94.3551
61.9318
94.6008
45.5017
88.7317
65.2534
16.2954
76.6476
93.9485
59.8728
7.3166
98.4567
17.1501
23.0860
71.3556
58.3079
70.4955
86.1538
71.9759
79.9029
9.4950
20.8637
82.5553
12.1394
8.1181
72.3011
85.8478
75.7227
79.2796
62.8291
89.0771
71.3425
83.0256
68.1021
72.9382
4.0359
59.9995
87.1828
6.4487
84.1301
73.0429
96.2283
81.3875
90.9504
8.9815
46.4253
46.2606
29.8478
54.1347
45.6681
92.5788
75.5603
63.4447
40.6501
97.8766
43.4738
34.6374
35.1302
53.1507
78.2378
66.6015
72.8550
91.0833
71.1701
47.8659
73.8137
88.8936
51.8178
23.1631
9.7845
31.6965
37.6423
71.4509
86.6880
78.8077
46.4470
12.8469
42.8861
99.3269
25.8773
15.5560
61.4995
34.6417
30.5565
4.1929
32.1067
82.7454
2.2524
96.6700
84.4438
33.7398
10.1086
45.7943
18.4553
51.5166
46.7708
83.3895
89.6116
45.3902
66.3262
26.3768
17.9124
93.9604
7.8902
15.0976
32.7105
12.1751
65.7707
5.5357
60.6321
77.5876
49.2983
42.2456
68.1244
96.8893
77.2956
28.1416
63.3344
53.1732
83.7451
40.9173
28.3439
15.9962
27.3050
55.2424
49.4007
71.7851
83.3480
35.7787
92.0810
50.2114
63.6725
2.3066
62.3799
27.5838
54.4700
98.8698
47.0275
75.1253
81.4242
5.0730
6.5402
15.5339
27.1227
86.4860
93.3639
76.4596
6.1786
22.7148
24.6499
19.3217
35.0475
49.9770
63.0068
32.4415
15.1064
36.2946
85.1611
41.6115
87.2525
98.6950
79.3781
84.6853
53.3692
79.5185
18.4494
79.5210
7.3488
52.4185
30.1920
18.0622
40.4917
70.1732
22.8111
75.4932
41.9534
11.0588
65.9301
81.5018
40.6261
12.4214
76.7646
69.6069
84.9414
87.3188
84.1512
89.5451
23.5114
69.1459
83.0403
69.0933
20.3411
77.4326
55.4710
75.8675
81.6269
92.9009
42.4981
11.2333
26.8811
73.2084
50.2891
50.9113
17.1620
6.4033
24.7532
14.9621
80.4705
60.8488
78.5153
61.7555
17.5804
53.4452
62.7507
75.9966
85.8733
57.4350
27.6633
12.9869
5.1200
59.7859
55.2663
90.3362
53.2709
91.9756
54.2887
63.1665
12.4558
68.9998
96.2684
8.6764
42.2649
96.7312
5.1616
85.9140
67.3036
5.9305
76.0796
90.7827
27.6627
6.5333
85.2564
40.9842
70.5292
23.6620
77.6753
7.2441
7.2058
6.4597
92.2151
74.3082
51.6751
53.6541
29.4052
61.7268
16.5424
67.7418
48.3786
14.3352
7.6319
36.3289
20.6292
92.8846
5.0189
1.8932
35.1964
70.9999
76.1543
98.7033
69.8056
79.9692
78.4606
75.0284
72.8998
58.4278
95.1559
26.7079
48.3183
11.3082
93.3526
53.8162
46.7646
38.4670
94.2559
96.7090
46.0226
5.3325
82.1827
65.7374
63.5636
33.1706
89.0787
79.6456
41.7726
41.6024
43.9424
44.4375
46.7069
66.9969
83.3548
70.0095
45.2188
43.8856
15.8164
25.5958
40.7309
12.4949
66.5517
87.5882
69.4485
85.9649
8.8580
21.8299
82.6236
45.2327
63.0011
89.0691
37.8572
65.3149
33.9512
4.3026
12.3059
25.1218
67.9426
13.0542
73.8367
43.0399
93.1296
2.6095
65.2539
32.7349
81.0869
68.4143
61.2005
47.9605
67.6427
60.6923
68.8820
23.5073
30.0103
17.3053
71.1052
26.5699
56.6226
68.7083
91.0922
38.4206
62.0864
6.8686
23.0036
3.7589
87.1932
11.4999
1.3807
85.6646
75.8215
45.6387
63.2809
12.0468
37.5486
47.3662
73.1576
1.6485
54.7232
36.1922
76.4415
16.7137
10.7641
73.5715
43.9622
15.4009
68.7028
66.3538
54.0486
7.3775
69.7469
43.3670
76.7014
74.8250
59.5355
83.6085
23.7202
98.5256
2.8277
16.1782
26.8221
91.0305
18.8223
82.3349
94.9725
59.0082
92.7820
56.5348
61.8021
43.3023
94.5526
78.1745
84.6726
17.6742
35.9206
96.6895
59.8421
82.5948
39.3642
85.9918
55.8863
27.6043
32.1096
35.5168
77.3414
7.2572
91.0509
82.8484
5.8075
10.4231
90.4062
72.7755
4.1989
19.1949
83.3269
6.1791
79.3823
31.3056
93.1103
54.9068
10.1456
34.1807
81.3908
85.6181
79.4816
50.4408
9.0200
56.3498
81.3048
59.5624
64.3764
59.6450
19.8755
72.1857
84.3207
52.6576
95.6827
76.3227
17.4209
95.1494
17.7779
25.9105
60.8192
87.5132
20.6126
58.7092
45.5432
78.0609
95.9667
68.0606
15.0786
45.7879
74.2286
44.8263
26.7188
32.1819
68.0019
27.2789
60.3448
6.7512
34.3716
27.9414
